{
 "cells": [
  {
   "cell_type": "code",
   "execution_count": 1,
   "id": "fdda19de",
   "metadata": {},
   "outputs": [],
   "source": [
    "import pandas as pd \n",
    "import numpy as np \n",
    "import matplotlib.pyplot as plt \n",
    "\n",
    "\n",
    "pd.set_option('display.max_rows', 2000)\n",
    "pd.set_option('display.max_columns', 500)\n",
    "pd.set_option('display.width', 1000)\n",
    "\n",
    "\n",
    "df = pd.read_csv('C:/Users/Asus/.vscode/Heart Disease data/Heart Disease data.csv')"
   ]
  },
  {
   "cell_type": "markdown",
   "id": "3cf03a9e",
   "metadata": {},
   "source": [
    " # Here we are importing our dataset and show the first 5 rows"
   ]
  },
  {
   "cell_type": "code",
   "execution_count": 2,
   "id": "b14325bc",
   "metadata": {},
   "outputs": [
    {
     "data": {
      "text/html": [
       "<div>\n",
       "<style scoped>\n",
       "    .dataframe tbody tr th:only-of-type {\n",
       "        vertical-align: middle;\n",
       "    }\n",
       "\n",
       "    .dataframe tbody tr th {\n",
       "        vertical-align: top;\n",
       "    }\n",
       "\n",
       "    .dataframe thead th {\n",
       "        text-align: right;\n",
       "    }\n",
       "</style>\n",
       "<table border=\"1\" class=\"dataframe\">\n",
       "  <thead>\n",
       "    <tr style=\"text-align: right;\">\n",
       "      <th></th>\n",
       "      <th>age</th>\n",
       "      <th>sex</th>\n",
       "      <th>cp</th>\n",
       "      <th>trestbps</th>\n",
       "      <th>chol</th>\n",
       "      <th>fbs</th>\n",
       "      <th>restecg</th>\n",
       "      <th>thalach</th>\n",
       "      <th>exang</th>\n",
       "      <th>oldpeak</th>\n",
       "      <th>slope</th>\n",
       "      <th>ca</th>\n",
       "      <th>thal</th>\n",
       "      <th>target</th>\n",
       "    </tr>\n",
       "  </thead>\n",
       "  <tbody>\n",
       "    <tr>\n",
       "      <th>0</th>\n",
       "      <td>52</td>\n",
       "      <td>1</td>\n",
       "      <td>0</td>\n",
       "      <td>125</td>\n",
       "      <td>212</td>\n",
       "      <td>0</td>\n",
       "      <td>1</td>\n",
       "      <td>168</td>\n",
       "      <td>0</td>\n",
       "      <td>1.0</td>\n",
       "      <td>2</td>\n",
       "      <td>2</td>\n",
       "      <td>3</td>\n",
       "      <td>0</td>\n",
       "    </tr>\n",
       "    <tr>\n",
       "      <th>1</th>\n",
       "      <td>53</td>\n",
       "      <td>1</td>\n",
       "      <td>0</td>\n",
       "      <td>140</td>\n",
       "      <td>203</td>\n",
       "      <td>1</td>\n",
       "      <td>0</td>\n",
       "      <td>155</td>\n",
       "      <td>1</td>\n",
       "      <td>3.1</td>\n",
       "      <td>0</td>\n",
       "      <td>0</td>\n",
       "      <td>3</td>\n",
       "      <td>0</td>\n",
       "    </tr>\n",
       "    <tr>\n",
       "      <th>2</th>\n",
       "      <td>70</td>\n",
       "      <td>1</td>\n",
       "      <td>0</td>\n",
       "      <td>145</td>\n",
       "      <td>174</td>\n",
       "      <td>0</td>\n",
       "      <td>1</td>\n",
       "      <td>125</td>\n",
       "      <td>1</td>\n",
       "      <td>2.6</td>\n",
       "      <td>0</td>\n",
       "      <td>0</td>\n",
       "      <td>3</td>\n",
       "      <td>0</td>\n",
       "    </tr>\n",
       "    <tr>\n",
       "      <th>3</th>\n",
       "      <td>61</td>\n",
       "      <td>1</td>\n",
       "      <td>0</td>\n",
       "      <td>148</td>\n",
       "      <td>203</td>\n",
       "      <td>0</td>\n",
       "      <td>1</td>\n",
       "      <td>161</td>\n",
       "      <td>0</td>\n",
       "      <td>0.0</td>\n",
       "      <td>2</td>\n",
       "      <td>1</td>\n",
       "      <td>3</td>\n",
       "      <td>0</td>\n",
       "    </tr>\n",
       "    <tr>\n",
       "      <th>4</th>\n",
       "      <td>62</td>\n",
       "      <td>0</td>\n",
       "      <td>0</td>\n",
       "      <td>138</td>\n",
       "      <td>294</td>\n",
       "      <td>1</td>\n",
       "      <td>1</td>\n",
       "      <td>106</td>\n",
       "      <td>0</td>\n",
       "      <td>1.9</td>\n",
       "      <td>1</td>\n",
       "      <td>3</td>\n",
       "      <td>2</td>\n",
       "      <td>0</td>\n",
       "    </tr>\n",
       "  </tbody>\n",
       "</table>\n",
       "</div>"
      ],
      "text/plain": [
       "   age  sex  cp  trestbps  chol  fbs  restecg  thalach  exang  oldpeak  slope  ca  thal  target\n",
       "0   52    1   0       125   212    0        1      168      0      1.0      2   2     3       0\n",
       "1   53    1   0       140   203    1        0      155      1      3.1      0   0     3       0\n",
       "2   70    1   0       145   174    0        1      125      1      2.6      0   0     3       0\n",
       "3   61    1   0       148   203    0        1      161      0      0.0      2   1     3       0\n",
       "4   62    0   0       138   294    1        1      106      0      1.9      1   3     2       0"
      ]
     },
     "execution_count": 2,
     "metadata": {},
     "output_type": "execute_result"
    }
   ],
   "source": [
    "#reading the data \n",
    "\n",
    "df.head()"
   ]
  },
  {
   "cell_type": "code",
   "execution_count": 3,
   "id": "e504eb7f",
   "metadata": {},
   "outputs": [
    {
     "data": {
      "text/html": [
       "<div>\n",
       "<style scoped>\n",
       "    .dataframe tbody tr th:only-of-type {\n",
       "        vertical-align: middle;\n",
       "    }\n",
       "\n",
       "    .dataframe tbody tr th {\n",
       "        vertical-align: top;\n",
       "    }\n",
       "\n",
       "    .dataframe thead th {\n",
       "        text-align: right;\n",
       "    }\n",
       "</style>\n",
       "<table border=\"1\" class=\"dataframe\">\n",
       "  <thead>\n",
       "    <tr style=\"text-align: right;\">\n",
       "      <th></th>\n",
       "      <th>age</th>\n",
       "      <th>sex</th>\n",
       "      <th>cp</th>\n",
       "      <th>trestbps</th>\n",
       "      <th>chol</th>\n",
       "      <th>fbs</th>\n",
       "      <th>restecg</th>\n",
       "      <th>thalach</th>\n",
       "      <th>exang</th>\n",
       "      <th>oldpeak</th>\n",
       "      <th>slope</th>\n",
       "      <th>ca</th>\n",
       "      <th>thal</th>\n",
       "      <th>target</th>\n",
       "    </tr>\n",
       "  </thead>\n",
       "  <tbody>\n",
       "    <tr>\n",
       "      <th>1020</th>\n",
       "      <td>59</td>\n",
       "      <td>1</td>\n",
       "      <td>1</td>\n",
       "      <td>140</td>\n",
       "      <td>221</td>\n",
       "      <td>0</td>\n",
       "      <td>1</td>\n",
       "      <td>164</td>\n",
       "      <td>1</td>\n",
       "      <td>0.0</td>\n",
       "      <td>2</td>\n",
       "      <td>0</td>\n",
       "      <td>2</td>\n",
       "      <td>1</td>\n",
       "    </tr>\n",
       "    <tr>\n",
       "      <th>1021</th>\n",
       "      <td>60</td>\n",
       "      <td>1</td>\n",
       "      <td>0</td>\n",
       "      <td>125</td>\n",
       "      <td>258</td>\n",
       "      <td>0</td>\n",
       "      <td>0</td>\n",
       "      <td>141</td>\n",
       "      <td>1</td>\n",
       "      <td>2.8</td>\n",
       "      <td>1</td>\n",
       "      <td>1</td>\n",
       "      <td>3</td>\n",
       "      <td>0</td>\n",
       "    </tr>\n",
       "    <tr>\n",
       "      <th>1022</th>\n",
       "      <td>47</td>\n",
       "      <td>1</td>\n",
       "      <td>0</td>\n",
       "      <td>110</td>\n",
       "      <td>275</td>\n",
       "      <td>0</td>\n",
       "      <td>0</td>\n",
       "      <td>118</td>\n",
       "      <td>1</td>\n",
       "      <td>1.0</td>\n",
       "      <td>1</td>\n",
       "      <td>1</td>\n",
       "      <td>2</td>\n",
       "      <td>0</td>\n",
       "    </tr>\n",
       "    <tr>\n",
       "      <th>1023</th>\n",
       "      <td>50</td>\n",
       "      <td>0</td>\n",
       "      <td>0</td>\n",
       "      <td>110</td>\n",
       "      <td>254</td>\n",
       "      <td>0</td>\n",
       "      <td>0</td>\n",
       "      <td>159</td>\n",
       "      <td>0</td>\n",
       "      <td>0.0</td>\n",
       "      <td>2</td>\n",
       "      <td>0</td>\n",
       "      <td>2</td>\n",
       "      <td>1</td>\n",
       "    </tr>\n",
       "    <tr>\n",
       "      <th>1024</th>\n",
       "      <td>54</td>\n",
       "      <td>1</td>\n",
       "      <td>0</td>\n",
       "      <td>120</td>\n",
       "      <td>188</td>\n",
       "      <td>0</td>\n",
       "      <td>1</td>\n",
       "      <td>113</td>\n",
       "      <td>0</td>\n",
       "      <td>1.4</td>\n",
       "      <td>1</td>\n",
       "      <td>1</td>\n",
       "      <td>3</td>\n",
       "      <td>0</td>\n",
       "    </tr>\n",
       "  </tbody>\n",
       "</table>\n",
       "</div>"
      ],
      "text/plain": [
       "      age  sex  cp  trestbps  chol  fbs  restecg  thalach  exang  oldpeak  slope  ca  thal  target\n",
       "1020   59    1   1       140   221    0        1      164      1      0.0      2   0     2       1\n",
       "1021   60    1   0       125   258    0        0      141      1      2.8      1   1     3       0\n",
       "1022   47    1   0       110   275    0        0      118      1      1.0      1   1     2       0\n",
       "1023   50    0   0       110   254    0        0      159      0      0.0      2   0     2       1\n",
       "1024   54    1   0       120   188    0        1      113      0      1.4      1   1     3       0"
      ]
     },
     "execution_count": 3,
     "metadata": {},
     "output_type": "execute_result"
    }
   ],
   "source": [
    "df.tail()"
   ]
  },
  {
   "cell_type": "markdown",
   "id": "e2df81e1",
   "metadata": {},
   "source": [
    "# here are all the statistical calculation of the dataset "
   ]
  },
  {
   "cell_type": "code",
   "execution_count": 4,
   "id": "80c14444",
   "metadata": {},
   "outputs": [
    {
     "data": {
      "text/html": [
       "<div>\n",
       "<style scoped>\n",
       "    .dataframe tbody tr th:only-of-type {\n",
       "        vertical-align: middle;\n",
       "    }\n",
       "\n",
       "    .dataframe tbody tr th {\n",
       "        vertical-align: top;\n",
       "    }\n",
       "\n",
       "    .dataframe thead th {\n",
       "        text-align: right;\n",
       "    }\n",
       "</style>\n",
       "<table border=\"1\" class=\"dataframe\">\n",
       "  <thead>\n",
       "    <tr style=\"text-align: right;\">\n",
       "      <th></th>\n",
       "      <th>age</th>\n",
       "      <th>sex</th>\n",
       "      <th>cp</th>\n",
       "      <th>trestbps</th>\n",
       "      <th>chol</th>\n",
       "      <th>fbs</th>\n",
       "      <th>restecg</th>\n",
       "      <th>thalach</th>\n",
       "      <th>exang</th>\n",
       "      <th>oldpeak</th>\n",
       "      <th>slope</th>\n",
       "      <th>ca</th>\n",
       "      <th>thal</th>\n",
       "      <th>target</th>\n",
       "    </tr>\n",
       "  </thead>\n",
       "  <tbody>\n",
       "    <tr>\n",
       "      <th>count</th>\n",
       "      <td>1025.000000</td>\n",
       "      <td>1025.000000</td>\n",
       "      <td>1025.000000</td>\n",
       "      <td>1025.000000</td>\n",
       "      <td>1025.00000</td>\n",
       "      <td>1025.000000</td>\n",
       "      <td>1025.000000</td>\n",
       "      <td>1025.000000</td>\n",
       "      <td>1025.000000</td>\n",
       "      <td>1025.000000</td>\n",
       "      <td>1025.000000</td>\n",
       "      <td>1025.000000</td>\n",
       "      <td>1025.000000</td>\n",
       "      <td>1025.000000</td>\n",
       "    </tr>\n",
       "    <tr>\n",
       "      <th>mean</th>\n",
       "      <td>54.434146</td>\n",
       "      <td>0.695610</td>\n",
       "      <td>0.942439</td>\n",
       "      <td>131.611707</td>\n",
       "      <td>246.00000</td>\n",
       "      <td>0.149268</td>\n",
       "      <td>0.529756</td>\n",
       "      <td>149.114146</td>\n",
       "      <td>0.336585</td>\n",
       "      <td>1.071512</td>\n",
       "      <td>1.385366</td>\n",
       "      <td>0.754146</td>\n",
       "      <td>2.323902</td>\n",
       "      <td>0.513171</td>\n",
       "    </tr>\n",
       "    <tr>\n",
       "      <th>std</th>\n",
       "      <td>9.072290</td>\n",
       "      <td>0.460373</td>\n",
       "      <td>1.029641</td>\n",
       "      <td>17.516718</td>\n",
       "      <td>51.59251</td>\n",
       "      <td>0.356527</td>\n",
       "      <td>0.527878</td>\n",
       "      <td>23.005724</td>\n",
       "      <td>0.472772</td>\n",
       "      <td>1.175053</td>\n",
       "      <td>0.617755</td>\n",
       "      <td>1.030798</td>\n",
       "      <td>0.620660</td>\n",
       "      <td>0.500070</td>\n",
       "    </tr>\n",
       "    <tr>\n",
       "      <th>min</th>\n",
       "      <td>29.000000</td>\n",
       "      <td>0.000000</td>\n",
       "      <td>0.000000</td>\n",
       "      <td>94.000000</td>\n",
       "      <td>126.00000</td>\n",
       "      <td>0.000000</td>\n",
       "      <td>0.000000</td>\n",
       "      <td>71.000000</td>\n",
       "      <td>0.000000</td>\n",
       "      <td>0.000000</td>\n",
       "      <td>0.000000</td>\n",
       "      <td>0.000000</td>\n",
       "      <td>0.000000</td>\n",
       "      <td>0.000000</td>\n",
       "    </tr>\n",
       "    <tr>\n",
       "      <th>25%</th>\n",
       "      <td>48.000000</td>\n",
       "      <td>0.000000</td>\n",
       "      <td>0.000000</td>\n",
       "      <td>120.000000</td>\n",
       "      <td>211.00000</td>\n",
       "      <td>0.000000</td>\n",
       "      <td>0.000000</td>\n",
       "      <td>132.000000</td>\n",
       "      <td>0.000000</td>\n",
       "      <td>0.000000</td>\n",
       "      <td>1.000000</td>\n",
       "      <td>0.000000</td>\n",
       "      <td>2.000000</td>\n",
       "      <td>0.000000</td>\n",
       "    </tr>\n",
       "    <tr>\n",
       "      <th>50%</th>\n",
       "      <td>56.000000</td>\n",
       "      <td>1.000000</td>\n",
       "      <td>1.000000</td>\n",
       "      <td>130.000000</td>\n",
       "      <td>240.00000</td>\n",
       "      <td>0.000000</td>\n",
       "      <td>1.000000</td>\n",
       "      <td>152.000000</td>\n",
       "      <td>0.000000</td>\n",
       "      <td>0.800000</td>\n",
       "      <td>1.000000</td>\n",
       "      <td>0.000000</td>\n",
       "      <td>2.000000</td>\n",
       "      <td>1.000000</td>\n",
       "    </tr>\n",
       "    <tr>\n",
       "      <th>75%</th>\n",
       "      <td>61.000000</td>\n",
       "      <td>1.000000</td>\n",
       "      <td>2.000000</td>\n",
       "      <td>140.000000</td>\n",
       "      <td>275.00000</td>\n",
       "      <td>0.000000</td>\n",
       "      <td>1.000000</td>\n",
       "      <td>166.000000</td>\n",
       "      <td>1.000000</td>\n",
       "      <td>1.800000</td>\n",
       "      <td>2.000000</td>\n",
       "      <td>1.000000</td>\n",
       "      <td>3.000000</td>\n",
       "      <td>1.000000</td>\n",
       "    </tr>\n",
       "    <tr>\n",
       "      <th>max</th>\n",
       "      <td>77.000000</td>\n",
       "      <td>1.000000</td>\n",
       "      <td>3.000000</td>\n",
       "      <td>200.000000</td>\n",
       "      <td>564.00000</td>\n",
       "      <td>1.000000</td>\n",
       "      <td>2.000000</td>\n",
       "      <td>202.000000</td>\n",
       "      <td>1.000000</td>\n",
       "      <td>6.200000</td>\n",
       "      <td>2.000000</td>\n",
       "      <td>4.000000</td>\n",
       "      <td>3.000000</td>\n",
       "      <td>1.000000</td>\n",
       "    </tr>\n",
       "  </tbody>\n",
       "</table>\n",
       "</div>"
      ],
      "text/plain": [
       "               age          sex           cp     trestbps        chol          fbs      restecg      thalach        exang      oldpeak        slope           ca         thal       target\n",
       "count  1025.000000  1025.000000  1025.000000  1025.000000  1025.00000  1025.000000  1025.000000  1025.000000  1025.000000  1025.000000  1025.000000  1025.000000  1025.000000  1025.000000\n",
       "mean     54.434146     0.695610     0.942439   131.611707   246.00000     0.149268     0.529756   149.114146     0.336585     1.071512     1.385366     0.754146     2.323902     0.513171\n",
       "std       9.072290     0.460373     1.029641    17.516718    51.59251     0.356527     0.527878    23.005724     0.472772     1.175053     0.617755     1.030798     0.620660     0.500070\n",
       "min      29.000000     0.000000     0.000000    94.000000   126.00000     0.000000     0.000000    71.000000     0.000000     0.000000     0.000000     0.000000     0.000000     0.000000\n",
       "25%      48.000000     0.000000     0.000000   120.000000   211.00000     0.000000     0.000000   132.000000     0.000000     0.000000     1.000000     0.000000     2.000000     0.000000\n",
       "50%      56.000000     1.000000     1.000000   130.000000   240.00000     0.000000     1.000000   152.000000     0.000000     0.800000     1.000000     0.000000     2.000000     1.000000\n",
       "75%      61.000000     1.000000     2.000000   140.000000   275.00000     0.000000     1.000000   166.000000     1.000000     1.800000     2.000000     1.000000     3.000000     1.000000\n",
       "max      77.000000     1.000000     3.000000   200.000000   564.00000     1.000000     2.000000   202.000000     1.000000     6.200000     2.000000     4.000000     3.000000     1.000000"
      ]
     },
     "execution_count": 4,
     "metadata": {},
     "output_type": "execute_result"
    }
   ],
   "source": [
    "df.describe()"
   ]
  },
  {
   "cell_type": "markdown",
   "id": "18bc1ddf",
   "metadata": {},
   "source": [
    "## dataset details \n",
    "- age\n",
    "- sex\n",
    "- Chest pain type (4 values)\n",
    "    - value 0:Typical angina\n",
    "    - value 1:atypical angina\n",
    "    - value 2:non-anginal pain\n",
    "    - value 3:asymptomatic\n",
    "- trestbps:resting blood pressure\n",
    "- chol: serum cholestoral in mg/dl\n",
    "- fbs: fasting blood sugar > 120 mg/dl ( value = 0,1)\n",
    "- restecg: resting electrocardiographic results (values 0,1,2) \n",
    "    - value 0 :normal\n",
    "    - value 1 :having ST-T wave Abnormality \n",
    "    - value 2 :showing probable or definite left ventricular hypertrophy by Etes's criteria \n",
    "- thalach :maximum heart rate achieved \n",
    "- exang : exercise induced angina\n",
    "- oldpeak: oldpeak = ST depression induced by exercise relative to rest\n",
    "- slope : the slope of the peak exercise ST segment\n",
    "    - value 0 : upsloping\n",
    "    - value 1 : Flat\n",
    "    - value 3 : Downsloping\n",
    "- ca : number of major vessels (0-3) colored by flourosopy\n",
    "- thal: thal: 0 = normal; 1 = fixed defect; 2 = reversable defect \n",
    "- target: 0 = Less chances of heart attack , 1 = more chances of heart attack \n",
    "\n"
   ]
  },
  {
   "cell_type": "markdown",
   "id": "477002a5",
   "metadata": {},
   "source": [
    "# this is the shape of our dataset"
   ]
  },
  {
   "cell_type": "code",
   "execution_count": 5,
   "id": "bd4650ef",
   "metadata": {},
   "outputs": [
    {
     "data": {
      "text/plain": [
       "(1025, 14)"
      ]
     },
     "execution_count": 5,
     "metadata": {},
     "output_type": "execute_result"
    }
   ],
   "source": [
    "df.shape"
   ]
  },
  {
   "cell_type": "code",
   "execution_count": 6,
   "id": "c8c60560",
   "metadata": {},
   "outputs": [
    {
     "name": "stdout",
     "output_type": "stream",
     "text": [
      "Number of rows :  1025\n",
      "Number of columns :  14\n"
     ]
    }
   ],
   "source": [
    "print ( \"Number of rows : \" ,df.shape[0])\n",
    "print(\"Number of columns : \",df.shape[1])"
   ]
  },
  {
   "cell_type": "markdown",
   "id": "0ab17d48",
   "metadata": {},
   "source": [
    "# these are the columns that are present in our dataset "
   ]
  },
  {
   "cell_type": "code",
   "execution_count": 7,
   "id": "b461428e",
   "metadata": {},
   "outputs": [
    {
     "data": {
      "text/plain": [
       "Index(['age', 'sex', 'cp', 'trestbps', 'chol', 'fbs', 'restecg', 'thalach', 'exang', 'oldpeak', 'slope', 'ca', 'thal', 'target'], dtype='object')"
      ]
     },
     "execution_count": 7,
     "metadata": {},
     "output_type": "execute_result"
    }
   ],
   "source": [
    "df.columns"
   ]
  },
  {
   "cell_type": "markdown",
   "id": "b072b0ac",
   "metadata": {},
   "source": [
    "# these are the unique values that are present in our dataset "
   ]
  },
  {
   "cell_type": "code",
   "execution_count": 8,
   "id": "6aa8abee",
   "metadata": {},
   "outputs": [
    {
     "data": {
      "text/plain": [
       "age          41\n",
       "sex           2\n",
       "cp            4\n",
       "trestbps     49\n",
       "chol        152\n",
       "fbs           2\n",
       "restecg       3\n",
       "thalach      91\n",
       "exang         2\n",
       "oldpeak      40\n",
       "slope         3\n",
       "ca            5\n",
       "thal          4\n",
       "target        2\n",
       "dtype: int64"
      ]
     },
     "execution_count": 8,
     "metadata": {},
     "output_type": "execute_result"
    }
   ],
   "source": [
    "df.nunique()"
   ]
  },
  {
   "cell_type": "markdown",
   "id": "c00f9376",
   "metadata": {},
   "source": [
    "**Here is the sum of all null values that are present in our dataset**"
   ]
  },
  {
   "cell_type": "code",
   "execution_count": 9,
   "id": "ab3c8882",
   "metadata": {},
   "outputs": [
    {
     "data": {
      "text/plain": [
       "age         0\n",
       "sex         0\n",
       "cp          0\n",
       "trestbps    0\n",
       "chol        0\n",
       "fbs         0\n",
       "restecg     0\n",
       "thalach     0\n",
       "exang       0\n",
       "oldpeak     0\n",
       "slope       0\n",
       "ca          0\n",
       "thal        0\n",
       "target      0\n",
       "dtype: int64"
      ]
     },
     "execution_count": 9,
     "metadata": {},
     "output_type": "execute_result"
    }
   ],
   "source": [
    "df.isnull().sum()"
   ]
  },
  {
   "cell_type": "markdown",
   "id": "65672b75",
   "metadata": {},
   "source": [
    "# Get Information about our dataset Like total number rows,  total number of columns, datatypes of each column and memory requirement "
   ]
  },
  {
   "cell_type": "code",
   "execution_count": 10,
   "id": "efa467f7",
   "metadata": {},
   "outputs": [
    {
     "name": "stdout",
     "output_type": "stream",
     "text": [
      "<class 'pandas.core.frame.DataFrame'>\n",
      "RangeIndex: 1025 entries, 0 to 1024\n",
      "Data columns (total 14 columns):\n",
      " #   Column    Non-Null Count  Dtype  \n",
      "---  ------    --------------  -----  \n",
      " 0   age       1025 non-null   int64  \n",
      " 1   sex       1025 non-null   int64  \n",
      " 2   cp        1025 non-null   int64  \n",
      " 3   trestbps  1025 non-null   int64  \n",
      " 4   chol      1025 non-null   int64  \n",
      " 5   fbs       1025 non-null   int64  \n",
      " 6   restecg   1025 non-null   int64  \n",
      " 7   thalach   1025 non-null   int64  \n",
      " 8   exang     1025 non-null   int64  \n",
      " 9   oldpeak   1025 non-null   float64\n",
      " 10  slope     1025 non-null   int64  \n",
      " 11  ca        1025 non-null   int64  \n",
      " 12  thal      1025 non-null   int64  \n",
      " 13  target    1025 non-null   int64  \n",
      "dtypes: float64(1), int64(13)\n",
      "memory usage: 112.2 KB\n"
     ]
    }
   ],
   "source": [
    "df.info()"
   ]
  },
  {
   "cell_type": "markdown",
   "id": "0c1e6c2a",
   "metadata": {},
   "source": [
    "**check here if any duplicate values our dataset have**"
   ]
  },
  {
   "cell_type": "code",
   "execution_count": 11,
   "id": "cceb902e",
   "metadata": {},
   "outputs": [
    {
     "name": "stdout",
     "output_type": "stream",
     "text": [
      "True\n"
     ]
    }
   ],
   "source": [
    "data_dup = df.duplicated().any()\n",
    "print(data_dup)"
   ]
  },
  {
   "cell_type": "markdown",
   "id": "1d3adb30",
   "metadata": {},
   "source": [
    "# draw correlation matrics of dataset "
   ]
  },
  {
   "cell_type": "code",
   "execution_count": 12,
   "id": "24c21917",
   "metadata": {},
   "outputs": [
    {
     "data": {
      "text/html": [
       "<div>\n",
       "<style scoped>\n",
       "    .dataframe tbody tr th:only-of-type {\n",
       "        vertical-align: middle;\n",
       "    }\n",
       "\n",
       "    .dataframe tbody tr th {\n",
       "        vertical-align: top;\n",
       "    }\n",
       "\n",
       "    .dataframe thead th {\n",
       "        text-align: right;\n",
       "    }\n",
       "</style>\n",
       "<table border=\"1\" class=\"dataframe\">\n",
       "  <thead>\n",
       "    <tr style=\"text-align: right;\">\n",
       "      <th></th>\n",
       "      <th>age</th>\n",
       "      <th>sex</th>\n",
       "      <th>cp</th>\n",
       "      <th>trestbps</th>\n",
       "      <th>chol</th>\n",
       "      <th>fbs</th>\n",
       "      <th>restecg</th>\n",
       "      <th>thalach</th>\n",
       "      <th>exang</th>\n",
       "      <th>oldpeak</th>\n",
       "      <th>slope</th>\n",
       "      <th>ca</th>\n",
       "      <th>thal</th>\n",
       "      <th>target</th>\n",
       "    </tr>\n",
       "  </thead>\n",
       "  <tbody>\n",
       "    <tr>\n",
       "      <th>age</th>\n",
       "      <td>1.000000</td>\n",
       "      <td>-0.103240</td>\n",
       "      <td>-0.071966</td>\n",
       "      <td>0.271121</td>\n",
       "      <td>0.219823</td>\n",
       "      <td>0.121243</td>\n",
       "      <td>-0.132696</td>\n",
       "      <td>-0.390227</td>\n",
       "      <td>0.088163</td>\n",
       "      <td>0.208137</td>\n",
       "      <td>-0.169105</td>\n",
       "      <td>0.271551</td>\n",
       "      <td>0.072297</td>\n",
       "      <td>-0.229324</td>\n",
       "    </tr>\n",
       "    <tr>\n",
       "      <th>sex</th>\n",
       "      <td>-0.103240</td>\n",
       "      <td>1.000000</td>\n",
       "      <td>-0.041119</td>\n",
       "      <td>-0.078974</td>\n",
       "      <td>-0.198258</td>\n",
       "      <td>0.027200</td>\n",
       "      <td>-0.055117</td>\n",
       "      <td>-0.049365</td>\n",
       "      <td>0.139157</td>\n",
       "      <td>0.084687</td>\n",
       "      <td>-0.026666</td>\n",
       "      <td>0.111729</td>\n",
       "      <td>0.198424</td>\n",
       "      <td>-0.279501</td>\n",
       "    </tr>\n",
       "    <tr>\n",
       "      <th>cp</th>\n",
       "      <td>-0.071966</td>\n",
       "      <td>-0.041119</td>\n",
       "      <td>1.000000</td>\n",
       "      <td>0.038177</td>\n",
       "      <td>-0.081641</td>\n",
       "      <td>0.079294</td>\n",
       "      <td>0.043581</td>\n",
       "      <td>0.306839</td>\n",
       "      <td>-0.401513</td>\n",
       "      <td>-0.174733</td>\n",
       "      <td>0.131633</td>\n",
       "      <td>-0.176206</td>\n",
       "      <td>-0.163341</td>\n",
       "      <td>0.434854</td>\n",
       "    </tr>\n",
       "    <tr>\n",
       "      <th>trestbps</th>\n",
       "      <td>0.271121</td>\n",
       "      <td>-0.078974</td>\n",
       "      <td>0.038177</td>\n",
       "      <td>1.000000</td>\n",
       "      <td>0.127977</td>\n",
       "      <td>0.181767</td>\n",
       "      <td>-0.123794</td>\n",
       "      <td>-0.039264</td>\n",
       "      <td>0.061197</td>\n",
       "      <td>0.187434</td>\n",
       "      <td>-0.120445</td>\n",
       "      <td>0.104554</td>\n",
       "      <td>0.059276</td>\n",
       "      <td>-0.138772</td>\n",
       "    </tr>\n",
       "    <tr>\n",
       "      <th>chol</th>\n",
       "      <td>0.219823</td>\n",
       "      <td>-0.198258</td>\n",
       "      <td>-0.081641</td>\n",
       "      <td>0.127977</td>\n",
       "      <td>1.000000</td>\n",
       "      <td>0.026917</td>\n",
       "      <td>-0.147410</td>\n",
       "      <td>-0.021772</td>\n",
       "      <td>0.067382</td>\n",
       "      <td>0.064880</td>\n",
       "      <td>-0.014248</td>\n",
       "      <td>0.074259</td>\n",
       "      <td>0.100244</td>\n",
       "      <td>-0.099966</td>\n",
       "    </tr>\n",
       "    <tr>\n",
       "      <th>fbs</th>\n",
       "      <td>0.121243</td>\n",
       "      <td>0.027200</td>\n",
       "      <td>0.079294</td>\n",
       "      <td>0.181767</td>\n",
       "      <td>0.026917</td>\n",
       "      <td>1.000000</td>\n",
       "      <td>-0.104051</td>\n",
       "      <td>-0.008866</td>\n",
       "      <td>0.049261</td>\n",
       "      <td>0.010859</td>\n",
       "      <td>-0.061902</td>\n",
       "      <td>0.137156</td>\n",
       "      <td>-0.042177</td>\n",
       "      <td>-0.041164</td>\n",
       "    </tr>\n",
       "    <tr>\n",
       "      <th>restecg</th>\n",
       "      <td>-0.132696</td>\n",
       "      <td>-0.055117</td>\n",
       "      <td>0.043581</td>\n",
       "      <td>-0.123794</td>\n",
       "      <td>-0.147410</td>\n",
       "      <td>-0.104051</td>\n",
       "      <td>1.000000</td>\n",
       "      <td>0.048411</td>\n",
       "      <td>-0.065606</td>\n",
       "      <td>-0.050114</td>\n",
       "      <td>0.086086</td>\n",
       "      <td>-0.078072</td>\n",
       "      <td>-0.020504</td>\n",
       "      <td>0.134468</td>\n",
       "    </tr>\n",
       "    <tr>\n",
       "      <th>thalach</th>\n",
       "      <td>-0.390227</td>\n",
       "      <td>-0.049365</td>\n",
       "      <td>0.306839</td>\n",
       "      <td>-0.039264</td>\n",
       "      <td>-0.021772</td>\n",
       "      <td>-0.008866</td>\n",
       "      <td>0.048411</td>\n",
       "      <td>1.000000</td>\n",
       "      <td>-0.380281</td>\n",
       "      <td>-0.349796</td>\n",
       "      <td>0.395308</td>\n",
       "      <td>-0.207888</td>\n",
       "      <td>-0.098068</td>\n",
       "      <td>0.422895</td>\n",
       "    </tr>\n",
       "    <tr>\n",
       "      <th>exang</th>\n",
       "      <td>0.088163</td>\n",
       "      <td>0.139157</td>\n",
       "      <td>-0.401513</td>\n",
       "      <td>0.061197</td>\n",
       "      <td>0.067382</td>\n",
       "      <td>0.049261</td>\n",
       "      <td>-0.065606</td>\n",
       "      <td>-0.380281</td>\n",
       "      <td>1.000000</td>\n",
       "      <td>0.310844</td>\n",
       "      <td>-0.267335</td>\n",
       "      <td>0.107849</td>\n",
       "      <td>0.197201</td>\n",
       "      <td>-0.438029</td>\n",
       "    </tr>\n",
       "    <tr>\n",
       "      <th>oldpeak</th>\n",
       "      <td>0.208137</td>\n",
       "      <td>0.084687</td>\n",
       "      <td>-0.174733</td>\n",
       "      <td>0.187434</td>\n",
       "      <td>0.064880</td>\n",
       "      <td>0.010859</td>\n",
       "      <td>-0.050114</td>\n",
       "      <td>-0.349796</td>\n",
       "      <td>0.310844</td>\n",
       "      <td>1.000000</td>\n",
       "      <td>-0.575189</td>\n",
       "      <td>0.221816</td>\n",
       "      <td>0.202672</td>\n",
       "      <td>-0.438441</td>\n",
       "    </tr>\n",
       "    <tr>\n",
       "      <th>slope</th>\n",
       "      <td>-0.169105</td>\n",
       "      <td>-0.026666</td>\n",
       "      <td>0.131633</td>\n",
       "      <td>-0.120445</td>\n",
       "      <td>-0.014248</td>\n",
       "      <td>-0.061902</td>\n",
       "      <td>0.086086</td>\n",
       "      <td>0.395308</td>\n",
       "      <td>-0.267335</td>\n",
       "      <td>-0.575189</td>\n",
       "      <td>1.000000</td>\n",
       "      <td>-0.073440</td>\n",
       "      <td>-0.094090</td>\n",
       "      <td>0.345512</td>\n",
       "    </tr>\n",
       "    <tr>\n",
       "      <th>ca</th>\n",
       "      <td>0.271551</td>\n",
       "      <td>0.111729</td>\n",
       "      <td>-0.176206</td>\n",
       "      <td>0.104554</td>\n",
       "      <td>0.074259</td>\n",
       "      <td>0.137156</td>\n",
       "      <td>-0.078072</td>\n",
       "      <td>-0.207888</td>\n",
       "      <td>0.107849</td>\n",
       "      <td>0.221816</td>\n",
       "      <td>-0.073440</td>\n",
       "      <td>1.000000</td>\n",
       "      <td>0.149014</td>\n",
       "      <td>-0.382085</td>\n",
       "    </tr>\n",
       "    <tr>\n",
       "      <th>thal</th>\n",
       "      <td>0.072297</td>\n",
       "      <td>0.198424</td>\n",
       "      <td>-0.163341</td>\n",
       "      <td>0.059276</td>\n",
       "      <td>0.100244</td>\n",
       "      <td>-0.042177</td>\n",
       "      <td>-0.020504</td>\n",
       "      <td>-0.098068</td>\n",
       "      <td>0.197201</td>\n",
       "      <td>0.202672</td>\n",
       "      <td>-0.094090</td>\n",
       "      <td>0.149014</td>\n",
       "      <td>1.000000</td>\n",
       "      <td>-0.337838</td>\n",
       "    </tr>\n",
       "    <tr>\n",
       "      <th>target</th>\n",
       "      <td>-0.229324</td>\n",
       "      <td>-0.279501</td>\n",
       "      <td>0.434854</td>\n",
       "      <td>-0.138772</td>\n",
       "      <td>-0.099966</td>\n",
       "      <td>-0.041164</td>\n",
       "      <td>0.134468</td>\n",
       "      <td>0.422895</td>\n",
       "      <td>-0.438029</td>\n",
       "      <td>-0.438441</td>\n",
       "      <td>0.345512</td>\n",
       "      <td>-0.382085</td>\n",
       "      <td>-0.337838</td>\n",
       "      <td>1.000000</td>\n",
       "    </tr>\n",
       "  </tbody>\n",
       "</table>\n",
       "</div>"
      ],
      "text/plain": [
       "               age       sex        cp  trestbps      chol       fbs   restecg   thalach     exang   oldpeak     slope        ca      thal    target\n",
       "age       1.000000 -0.103240 -0.071966  0.271121  0.219823  0.121243 -0.132696 -0.390227  0.088163  0.208137 -0.169105  0.271551  0.072297 -0.229324\n",
       "sex      -0.103240  1.000000 -0.041119 -0.078974 -0.198258  0.027200 -0.055117 -0.049365  0.139157  0.084687 -0.026666  0.111729  0.198424 -0.279501\n",
       "cp       -0.071966 -0.041119  1.000000  0.038177 -0.081641  0.079294  0.043581  0.306839 -0.401513 -0.174733  0.131633 -0.176206 -0.163341  0.434854\n",
       "trestbps  0.271121 -0.078974  0.038177  1.000000  0.127977  0.181767 -0.123794 -0.039264  0.061197  0.187434 -0.120445  0.104554  0.059276 -0.138772\n",
       "chol      0.219823 -0.198258 -0.081641  0.127977  1.000000  0.026917 -0.147410 -0.021772  0.067382  0.064880 -0.014248  0.074259  0.100244 -0.099966\n",
       "fbs       0.121243  0.027200  0.079294  0.181767  0.026917  1.000000 -0.104051 -0.008866  0.049261  0.010859 -0.061902  0.137156 -0.042177 -0.041164\n",
       "restecg  -0.132696 -0.055117  0.043581 -0.123794 -0.147410 -0.104051  1.000000  0.048411 -0.065606 -0.050114  0.086086 -0.078072 -0.020504  0.134468\n",
       "thalach  -0.390227 -0.049365  0.306839 -0.039264 -0.021772 -0.008866  0.048411  1.000000 -0.380281 -0.349796  0.395308 -0.207888 -0.098068  0.422895\n",
       "exang     0.088163  0.139157 -0.401513  0.061197  0.067382  0.049261 -0.065606 -0.380281  1.000000  0.310844 -0.267335  0.107849  0.197201 -0.438029\n",
       "oldpeak   0.208137  0.084687 -0.174733  0.187434  0.064880  0.010859 -0.050114 -0.349796  0.310844  1.000000 -0.575189  0.221816  0.202672 -0.438441\n",
       "slope    -0.169105 -0.026666  0.131633 -0.120445 -0.014248 -0.061902  0.086086  0.395308 -0.267335 -0.575189  1.000000 -0.073440 -0.094090  0.345512\n",
       "ca        0.271551  0.111729 -0.176206  0.104554  0.074259  0.137156 -0.078072 -0.207888  0.107849  0.221816 -0.073440  1.000000  0.149014 -0.382085\n",
       "thal      0.072297  0.198424 -0.163341  0.059276  0.100244 -0.042177 -0.020504 -0.098068  0.197201  0.202672 -0.094090  0.149014  1.000000 -0.337838\n",
       "target   -0.229324 -0.279501  0.434854 -0.138772 -0.099966 -0.041164  0.134468  0.422895 -0.438029 -0.438441  0.345512 -0.382085 -0.337838  1.000000"
      ]
     },
     "execution_count": 12,
     "metadata": {},
     "output_type": "execute_result"
    }
   ],
   "source": [
    "df.corr()"
   ]
  },
  {
   "cell_type": "markdown",
   "id": "4bb1e230",
   "metadata": {},
   "source": [
    "# Draw heatmap of correlation matrics  "
   ]
  },
  {
   "cell_type": "code",
   "execution_count": 13,
   "id": "baeb7197",
   "metadata": {},
   "outputs": [
    {
     "name": "stdout",
     "output_type": "stream",
     "text": [
      "<class 'pandas.core.frame.DataFrame'>\n",
      "RangeIndex: 1025 entries, 0 to 1024\n",
      "Data columns (total 14 columns):\n",
      " #   Column    Non-Null Count  Dtype  \n",
      "---  ------    --------------  -----  \n",
      " 0   age       1025 non-null   int64  \n",
      " 1   sex       1025 non-null   int64  \n",
      " 2   cp        1025 non-null   int64  \n",
      " 3   trestbps  1025 non-null   int64  \n",
      " 4   chol      1025 non-null   int64  \n",
      " 5   fbs       1025 non-null   int64  \n",
      " 6   restecg   1025 non-null   int64  \n",
      " 7   thalach   1025 non-null   int64  \n",
      " 8   exang     1025 non-null   int64  \n",
      " 9   oldpeak   1025 non-null   float64\n",
      " 10  slope     1025 non-null   int64  \n",
      " 11  ca        1025 non-null   int64  \n",
      " 12  thal      1025 non-null   int64  \n",
      " 13  target    1025 non-null   int64  \n",
      "dtypes: float64(1), int64(13)\n",
      "memory usage: 112.2 KB\n",
      "None\n"
     ]
    },
    {
     "data": {
